Best Floors By Cost: Floor 0 cost $42276.0 | 
Worst Floors By Cost: Floor 197 cost $177334.0 |
Best Floors By Number of Tests: Floor 0 required 2 tests |
Worst Floors By Number of Tests: Floor 201 required 26.0 tests |

Floor #Tests Cost
0 2 $42,276
1 3 $48,415
2 4 $54,554
3 5 $60,693
4 6 $66,832
5 7 $72,971
6 8 $79,110
7 9 $85,249
8 10 $91,388
9 11 $97,527
10 12 $103,666
11 13 $109,805
12 14 $115,944
13 15 $122,083
14 15 $107,084
15 3 $48,415
16 4 $54,554
17 5 $60,693
18 6 $66,832
19 7 $72,971
20 8 $79,110
21 9 $85,249
22 10 $91,388
23 11 $97,527
24 12 $103,666
25 13 $109,805
26 14 $115,944
27 15 $122,083
28 15 $107,084
29 4 $54,554
30 5 $60,693
31 6 $66,832
32 7 $72,971
33 8 $79,110
34 9 $85,249
35 10 $91,388
36 11 $97,527
37 12 $103,666
38 13 $109,805
39 14 $115,944
40 15 $122,083
41 16 $128,222
42 16 $113,223
43 5 $60,693
44 6 $66,832
45 7 $72,971
46 8 $79,110
47 9 $85,249
48 10 $91,388
49 11 $97,527
50 12 $103,666
51 13 $109,805
52 14 $115,944
53 15 $122,083
54 16 $128,222
55 16 $113,223
56 6 $66,832
57 7 $72,971
58 8 $79,110
59 9 $85,249
60 10 $91,388
61 11 $97,527
62 12 $103,666
63 13 $109,805
64 14 $115,944
65 15 $122,083
66 16 $128,222
67 16 $113,223
68 7 $72,971
69 8 $79,110
70 9 $85,249
71 10 $91,388
72 11 $97,527
73 12 $103,666
74 13 $109,805
75 14 $115,944
76 15 $122,083
77 16 $128,222
78 17 $134,361
79 17 $119,362
80 8 $79,110
81 9 $85,249
82 10 $91,388
83 11 $97,527
84 12 $103,666
85 13 $109,805
86 14 $115,944
87 15 $122,083
88 16 $128,222
89 17 $134,361
90 17 $119,362
91 9 $85,249
92 10 $91,388
93 11 $97,527
94 12 $103,666
95 13 $109,805
96 14 $115,944
97 15 $122,083
98 16 $128,222
99 17 $134,361
100 18 $140,500
101 18 $125,501
102 10 $91,388
103 11 $97,527
104 12 $103,666
105 13 $109,805
106 14 $115,944
107 15 $122,083
108 16 $128,222
109 17 $134,361
110 18 $140,500
111 18 $125,501
112 11 $97,527
113 12 $103,666
114 13 $109,805
115 14 $115,944
116 15 $122,083
117 16 $128,222
118 17 $134,361
119 18 $140,500
120 19 $146,639
121 19 $131,640
122 12 $103,666
123 13 $109,805
124 14 $115,944
125 15 $122,083
126 16 $128,222
127 17 $134,361
128 18 $140,500
129 19 $146,639
130 19 $131,640
131 13 $109,805
132 14 $115,944
133 15 $122,083
134 16 $128,222
135 17 $134,361
136 18 $140,500
137 19 $146,639
138 20 $152,778
139 20 $137,779
140 14 $115,944
141 15 $122,083
142 16 $128,222
143 17 $134,361
144 18 $140,500
145 19 $146,639
146 20 $152,778
147 20 $137,779
148 15 $122,083
149 16 $128,222
150 17 $134,361
151 18 $140,500
152 19 $146,639
153 20 $152,778
154 21 $158,917
155 21 $143,918
156 16 $128,222
157 17 $134,361
158 18 $140,500
159 19 $146,639
160 20 $152,778
161 21 $158,917
162 21 $143,918
163 17 $134,361
164 18 $140,500
165 19 $146,639
166 20 $152,778
167 21 $158,917
168 22 $165,056
169 22 $150,057
170 18 $140,500
171 19 $146,639
172 20 $152,778
173 21 $158,917
174 22 $165,056
175 22 $150,057
176 19 $146,639
177 20 $152,778
178 21 $158,917
179 22 $165,056
180 22 $150,057
181 20 $152,778
182 21 $158,917
183 22 $165,056
184 23 $171,195
185 23 $156,196
186 21 $158,917
187 22 $165,056
188 23 $171,195
189 23 $156,196
190 22 $165,056
191 23 $171,195
192 24 $177,334
193 24 $162,335
194 23 $171,195
195 24 $177,334
196 24 $162,335
197 24 $177,334
198 24 $162,335
199 24 $162,335
200 26 $174,613
201 26 $174,613