Floor NumberofTests Total Cost
0 2 $42,276
1 3 $48,415
2 4 $54,554
3 5 $60,693
4 6 $66,832
5 7 $72,971
6 8 $79,110
7 9 $85,249
8 10 $91,388
9 11 $97,527
10 12 $103,666
11 13 $109,805
12 14 $115,944
13 14 $100,945
14 3 $48,415
15 4 $54,554
16 5 $60,693
17 6 $66,832
18 7 $72,971
19 8 $79,110
20 9 $85,249
21 10 $91,388
22 11 $97,527
23 12 $103,666
24 13 $109,805
25 14 $115,944
26 14 $100,945
27 4 $54,554
28 5 $60,693
29 6 $66,832
30 7 $72,971
31 8 $79,110
32 9 $85,249
33 10 $91,388
34 11 $97,527
35 12 $103,666
36 13 $109,805
37 14 $115,944
38 14 $100,945
39 5 $60,693
40 6 $66,832
41 7 $72,971
42 8 $79,110
43 9 $85,249
44 10 $91,388
45 11 $97,527
46 12 $103,666
47 13 $109,805
48 14 $115,944
49 14 $100,945
50 6 $66,832
51 7 $72,971
52 8 $79,110
53 9 $85,249
54 10 $91,388
55 11 $97,527
56 12 $103,666
57 13 $109,805
58 14 $115,944
59 14 $100,945
60 7 $72,971
61 8 $79,110
62 9 $85,249
63 10 $91,388
64 11 $97,527
65 12 $103,666
66 13 $109,805
67 14 $115,944
68 14 $100,945
69 8 $79,110
70 9 $85,249
71 10 $91,388
72 11 $97,527
73 12 $103,666
74 13 $109,805
75 14 $115,944
76 14 $100,945
77 9 $85,249
78 10 $91,388
79 11 $97,527
80 12 $103,666
81 13 $109,805
82 14 $115,944
83 14 $100,945
84 10 $91,388
85 11 $97,527
86 12 $103,666
87 13 $109,805
88 14 $115,944
89 14 $100,945
90 11 $97,527
91 12 $103,666
92 13 $109,805
93 14 $115,944
94 14 $100,945
95 12 $103,666
96 13 $109,805
97 14 $115,944
98 14 $100,945
99 12 $88,667
100 12 $73,668
101 12 $88,667