Floor,Number of Tests,Total Cost
0 7 $147,966
1 7 $132,967
2 7 $132,967
3 7 $117,968
4 7 $132,967
5 7 $117,968
6 7 $102,969
7 7 $132,967
8 7 $117,968
9 7 $102,969
10 7 $117,968
11 7 $102,969
12 7 $87,970
13 7 $132,967
14 7 $117,968
15 7 $117,968
16 7 $102,969
17 7 $117,968
18 7 $102,969
19 7 $87,970
20 7 $117,968
21 7 $102,969
22 7 $87,970
23 7 $102,969
24 7 $87,970
25 7 $72,971
26 7 $132,967
27 7 $117,968
28 7 $117,968
29 7 $102,969
30 7 $117,968
31 7 $102,969
32 7 $87,970
33 7 $117,968
34 7 $102,969
35 7 $87,970
36 7 $102,969
37 7 $87,970
38 7 $72,971
39 7 $117,968
40 7 $102,969
41 7 $87,970
42 7 $102,969
43 7 $87,970
44 7 $72,971
45 7 $102,969
46 7 $87,970
47 7 $72,971
48 7 $87,970
49 7 $72,971
50 7 $57,972
51 7 $132,967
52 7 $117,968
53 7 $117,968
54 7 $102,969
55 7 $117,968
56 7 $102,969
57 7 $87,970
58 7 $117,968
59 7 $102,969
60 7 $87,970
61 7 $102,969
62 7 $87,970
63 7 $72,971
64 7 $117,968
65 7 $102,969
66 7 $87,970
67 7 $102,969
68 7 $87,970
69 7 $72,971
70 7 $102,969
71 7 $87,970
72 7 $72,971
73 7 $87,970
74 7 $72,971
75 7 $57,972
76 7 $117,968
77 7 $102,969
78 7 $102,969
79 7 $87,970
80 7 $102,969
81 7 $87,970
82 7 $72,971
83 7 $102,969
84 7 $87,970
85 7 $72,971
86 7 $87,970
87 7 $72,971
88 7 $57,972
89 7 $102,969
90 7 $87,970
91 7 $72,971
92 7 $87,970
93 7 $72,971
94 7 $57,972
95 7 $87,970
96 7 $72,971
97 7 $57,972
98 7 $72,971
99 7 $57,972
100 7 $42,973
101 7 $42,973