Floor NumberofTests TotalCost
0 2 $42,276
1 3 $48,415
2 4 $54,554
3 5 $60,693
4 6 $66,832
5 7 $72,971
6 8 $79,110
7 9 $85,249
8 10 $91,388
9 10 $76,389
10 3 $48,415
11 4 $54,554
12 5 $60,693
13 6 $66,832
14 7 $72,971
15 8 $79,110
16 9 $85,249
17 10 $91,388
18 11 $97,527
19 11 $82,528
20 4 $54,554
21 5 $60,693
22 6 $66,832
23 7 $72,971
24 8 $79,110
25 9 $85,249
26 10 $91,388
27 11 $97,527
28 11 $82,528
29 5 $60,693
30 6 $66,832
31 7 $72,971
32 8 $79,110
33 9 $85,249
34 10 $91,388
35 11 $97,527
36 12 $103,666
37 12 $88,667
38 6 $66,832
39 7 $72,971
40 8 $79,110
41 9 $85,249
42 10 $91,388
43 11 $97,527
44 12 $103,666
45 12 $88,667
46 7 $72,971
47 8 $79,110
48 9 $85,249
49 10 $91,388
50 11 $97,527
51 12 $103,666
52 13 $109,805
53 13 $94,806
54 8 $79,110
55 9 $85,249
56 10 $91,388
57 11 $97,527
58 12 $103,666
59 13 $109,805
60 13 $94,806
61 9 $85,249
62 10 $91,388
63 11 $97,527
64 12 $103,666
65 13 $109,805
66 14 $115,944
67 14 $100,945
68 10 $91,388
69 11 $97,527
70 12 $103,666
71 13 $109,805
72 14 $115,944
73 14 $100,945
74 11 $97,527
75 12 $103,666
76 13 $109,805
77 14 $115,944
78 15 $122,083
79 15 $107,084
80 12 $103,666
81 13 $109,805
82 14 $115,944
83 15 $122,083
84 15 $107,084
85 13 $109,805
86 14 $115,944
87 15 $122,083
88 15 $107,084
89 14 $115,944
90 15 $122,083
91 16 $128,222
92 16 $113,223
93 15 $122,083
94 16 $128,222
95 16 $113,223
96 16 $128,222
97 16 $113,223
98 17 $134,361
99 17 $119,362
100 18 $110,502
101 18 $125,501